100000, 573487
200000, 562725
300000, 567805
400000, 603873
500000, 541074
600000, 518794
700000, 534411
800000, 543992
900000, 497975
1000000, 462748
1100000, 504823
1200000, 536407
1300000, 512389
1400000, 485590
1500000, 483372
1600000, 462806
1700000, 529064
1800000, 496246
1900000, 543752
2000000, 466811
2100000, 473613
2200000, 661625
2300000, 498253
2400000, 549615
2500000, 573280
2600000, 554824
2700000, 534977
2800000, 681909
2900000, 543204
3000000, 633553
3100000, 603705
3200000, 602658
3300000, 555457
3400000, 601686
3500000, 653378
3600000, 484780
3700000, 522553
3800000, 680560
3900000, 601894
4000000, 626162
4100000, 589693
4200000, 549299
4300000, 619830
4400000, 544561
4500000, 477691
4600000, 541426
4700000, 508428
4800000, 556354
4900000, 506847
5000000, 723191
5100000, 559118
5200000, 547313
5300000, 594081
5400000, 594512
5500000, 636388
5600000, 674142
5700000, 686681
5800000, 574970
5900000, 511874
6000000, 592265
6100000, 514343
6200000, 539640
6300000, 559538
6400000, 445564
6500000, 416387
6600000, 435362
6700000, 435914
6800000, 455239
6900000, 463035
7000000, 483716
7100000, 544654
7200000, 426062
7300000, 463420
7400000, 415414
7500000, 407011
7600000, 443030
7700000, 508333
7800000, 441291
7900000, 473674
8000000, 405954
8100000, 498440
8200000, 427487
8300000, 398511
8400000, 475402
8500000, 452286
8600000, 583917
8700000, 447267
8800000, 458824
8900000, 426633
9000000, 461219
9100000, 399096
9200000, 445484
9300000, 437474
9400000, 478147
9500000, 416590
9600000, 468126
9700000, 498553
9800000, 471692
9900000, 430896
10000000, 465162
10100000, 485838
10200000, 413434
10300000, 468042
10400000, 515101
10500000, 441533
10600000, 438429
10700000, 437365
10800000, 454043
10900000, 419051
11000000, 560833
11100000, 447201
11200000, 395014
11300000, 484334
11400000, 417103
11500000, 469270
11600000, 517284
11700000, 450334
11800000, 437826
11900000, 412052
12000000, 446150
12100000, 568709
12200000, 406734
12300000, 549667
12400000, 571243
12500000, 552853
12600000, 630468
12700000, 506491
12800000, 546648
12900000, 428961
13000000, 515895
13100000, 431054
13200000, 441440
13300000, 519501
13400000, 491028
13500000, 480357
13600000, 562253
13700000, 541502
13800000, 477602
13900000, 553933
14000000, 482090
14100000, 445393
14200000, 503595
14300000, 489276
14400000, 500762
14500000, 439264
14600000, 422028
14700000, 431149
14800000, 436027
14900000, 436236
15000000, 445478
15100000, 530369
15200000, 454088
15300000, 439260
15400000, 437308
15500000, 424292
15600000, 445310
15700000, 438472
15800000, 468104
15900000, 439264
16000000, 440270
16100000, 437083
16200000, 573328
16300000, 430751
16400000, 411379
16500000, 519907
16600000, 484454
16700000, 439772
16800000, 487510
16900000, 504539
17000000, 473282
17100000, 584471
17200000, 425575
17300000, 453329
17400000, 495421
17500000, 482405
17600000, 477390
17700000, 497601
17800000, 552643
17900000, 516506
18000000, 624966
18100000, 598025
18200000, 689505
18300000, 536402
18400000, 546055
18500000, 594675
18600000, 623184
18700000, 642220
18800000, 526789
18900000, 565098
19000000, 504012
19100000, 552893
19200000, 463179
19300000, 458665
19400000, 464584
19500000, 465538
19600000, 473703
19700000, 595013
19800000, 542703
19900000, 556126
20000000, 472126
20100000, 479120
20200000, 431656
20300000, 959790
20400000, 425781
20500000, 427011
20600000, 409002
20700000, 465865
20800000, 501001
20900000, 442671
21000000, 569025
21100000, 448456
21200000, 534542
21300000, 510121
21400000, 470873
21500000, 500958
21600000, 467304
21700000, 489549
21800000, 475876
21900000, 679879
22000000, 604359
22100000, 534219
22200000, 476465
22300000, 459385
22400000, 401547
22500000, 461785
22600000, 424594
22700000, 528018
22800000, 446016
22900000, 513236
23000000, 501308
23100000, 487900
23200000, 531110
23300000, 473732
23400000, 573391
23500000, 492969
23600000, 591079
23700000, 675010
23800000, 745706
23900000, 523417
24000000, 741039
24100000, 440299
24200000, 427794
24300000, 440635
24400000, 475739
24500000, 702826
24600000, 492099
24700000, 449744
24800000, 471521
24900000, 747083
25000000, 548841
25100000, 540185
25200000, 603264
25300000, 725926
25400000, 589548
25500000, 568530
25600000, 727180
25700000, 1041625
25800000, 2932895
25900000, 1137193
26000000, 1831096
26100000, 2056482
26200000, 952321
26300000, 731376
29400000, 469212
29500000, 1223326
29600000, 3189119
29700000, 180953
29800000, 2625654
29900000, 620010
30000000, 622162
30100000, 691402
30200000, 686485
30300000, 631853
30400000, 522678
30500000, 537493
30600000, 579214
30700000, 605087
30800000, 621363
30900000, 600869
31000000, 560457
31100000, 522951
31200000, 508445
31300000, 748881
31400000, 557812
31500000, 549314
31600000, 495729
31700000, 540210
31800000, 538794
31900000, 551239
32000000, 700153
32100000, 668710
32200000, 536335
32300000, 661076
32400000, 557384
32500000, 572711
32600000, 536273
32700000, 604628
32800000, 777367
32900000, 667399
33000000, 580234
33100000, 603440
33200000, 616173
33300000, 608438
33400000, 550655
33500000, 597709
33600000, 526547
33700000, 780145
33800000, 641444
33900000, 558822
34000000, 598874
34100000, 549190
34200000, 581554
34300000, 612938
34400000, 676463
34500000, 577125
34600000, 702176
34700000, 568174
34800000, 507441
34900000, 258788
35000000, 641425
35100000, 585074
35200000, 635989
35300000, 771846
35400000, 623359
35500000, 636916
35600000, 936445
35700000, 651651
35800000, 654825
35900000, 541807
36000000, 563986
36100000, 553165
36200000, 548397
36300000, 543992
36400000, 462807
36500000, 504168
36600000, 516363
36700000, 513852
36800000, 627773
36900000, 500062
37000000, 598039
37100000, 588299
37200000, 515104
37300000, 581374
37400000, 549891
37500000, 526596
37600000, 508387
37700000, 508200
37800000, 494190
37900000, 471455
38000000, 521581
38100000, 541169
38200000, 472252
38300000, 441955
38400000, 595309
38500000, 444624
38600000, 491761
38700000, 520622
38800000, 415611
38900000, 503507
39000000, 439121
39100000, 475533
39200000, 471924
39300000, 544552
39400000, 450481
39500000, 496294
39600000, 547839
39700000, 471923
39800000, 562876
39900000, 542772
40000000, 557627
40100000, 464543
40200000, 559011
40300000, 544840
40400000, 608216
40500000, 467431
40600000, 470770
40700000, 442751
40800000, 559699
40900000, 450815
41000000, 479634
41100000, 442416
41200000, 568845
41300000, 481301
41400000, 435882
41500000, 529734
41600000, 437116
41700000, 506487
41800000, 476352
41900000, 483718
42000000, 678753
42100000, 598548
42200000, 611680
42300000, 692781
42400000, 655081
42500000, 571148
42600000, 483458
42700000, 590081
42800000, 498786
42900000, 579647
43000000, 550975
43100000, 555276
43200000, 515431
43300000, 591825
43400000, 475868
43500000, 522464
43600000, 496263
43700000, 467244
43800000, 488594
43900000, 475304
44000000, 507893
44100000, 527219
44200000, 549290
44300000, 757963
44400000, 682802
44500000, 597944
44600000, 562686
44700000, 448979
44800000, 512485
44900000, 485758
45000000, 472199
45100000, 450954
45200000, 455217
45300000, 476449
45400000, 599450
45500000, 483578
45600000, 492184
45700000, 501844
45800000, 594872
45900000, 558808
46000000, 684816
46100000, 688613
46200000, 639664
46300000, 509808
46400000, 536953
46500000, 1256534
46600000, 552900
46700000, 527439
46800000, 557784
46900000, 491944
47000000, 516136
47100000, 759965
47200000, 571105
47300000, 496216
47400000, 489808
47500000, 609917
47600000, 640062
47700000, 609772
47800000, 688889
47900000, 590257
48000000, 502855
48100000, 502549
48200000, 592715
48300000, 531514
48400000, 617257
48500000, 605499
48600000, 639979
48700000, 557431
48800000, 575426
48900000, 555718
49000000, 542492
49100000, 599409
49200000, 519205
49300000, 670484
49400000, 662387
49500000, 531746
49600000, 523624
49700000, 490289
49800000, 486165
49900000, 485735
50000000, 493045
50100000, 498345
50200000, 516181
50300000, 601929
50400000, 724194
50500000, 675331
50600000, 649479
50700000, 577993
50800000, 529750
50900000, 457262
51000000, 458138
51100000, 427897
51200000, 529868
51300000, 433157
51400000, 401343
51500000, 437440
51600000, 428309
51700000, 451694
51800000, 692292
51900000, 468584
52000000, 564593
52100000, 884848
52200000, 690263
52300000, 674395
52400000, 578674
52500000, 647816
52600000, 464423
52700000, 506589
52800000, 455948
52900000, 550720
53000000, 463293
53100000, 480542
53200000, 476333
53300000, 526568
53400000, 623489
53500000, 536455
53600000, 503516
53700000, 540202
53800000, 561713
53900000, 469162
54000000, 483110
54100000, 524910
54200000, 428073
54300000, 441882
54400000, 643384
54500000, 807634
54600000, 479789
54700000, 520115
54800000, 544777
54900000, 606662
55000000, 529831
55100000, 617220
55200000, 599647
55300000, 595654
55400000, 506795
55500000, 525061
55600000, 488427
55700000, 482310
55800000, 500241
55900000, 510386
56000000, 495005
56100000, 497598
56200000, 470762
56300000, 460982
56400000, 444557
56500000, 491342
56600000, 540174
56700000, 469131
56800000, 602009
56900000, 500789
57000000, 522029
57100000, 511134
57200000, 473266
57300000, 573937
57400000, 498266
57500000, 490156
57600000, 503725
57700000, 505733
57800000, 458380
57900000, 508202
58000000, 497177
58100000, 626583
58200000, 438986
58300000, 463112
58400000, 452712
58500000, 413567
58600000, 461727
58700000, 439892
58800000, 440368
58900000, 491099
59000000, 451736
59100000, 447838
59200000, 478015
59300000, 454011
59400000, 469815
59500000, 451126
59600000, 469803
59700000, 500614
59800000, 552661
59900000, 795786
60000000, 578133
60100000, 486185
60200000, 500894
60300000, 513830
60400000, 823633
60500000, 744717
60600000, 634394
60700000, 589454
60800000, 560586
60900000, 543021
61000000, 612744
61100000, 344899
61200000, 306374
61300000, 417687
61400000, 479809
61500000, 525672
61600000, 509424
61700000, 572631
61800000, 496374
61900000, 500469
62000000, 466222
62100000, 868090
62200000, 686321
62300000, 691803
62400000, 643662
62500000, 721599
62600000, 733927
62700000, 821256
62800000, 859702
62900000, 1232380
63000000, 314473
